﻿Period,Inventory Bldgs,Inventory Units,Inventory Avg SF,Asking Rent Per Unit,Asking Rent Per SF,Asking Rent % Growth/Yr,Effective Rent Per Unit,Effective Rent Per SF,Effective Rent % Growth/Yr,Effective Rent Concessions %,Vacancy Units,Vacancy Percent,Vacancy % Growth/Yr,Occupancy Units,Occupancy Percent,Occupancy % Growth/Yr,Absorption Units,Absorption Percent,Under Construction Bldgs,Under Construction Units,Under Construction Percent,Deliveries Bldgs,Deliveries Units,Deliveries Percent
2024 Q1 QTD,43,526,813,"$1,441 ",$1.76 ,0.10%,1434.00,$1.75 ,0.10%,0.50%,22,4.20%,0.70%,504,95.80%,-0.70%,0,0.00%,0,0,0.00%,0,0,0.00%
2023 Q4,43,526,813,"$1,448 ",$1.77 ,0.70%,1441.00,$1.76 ,0.60%,0.50%,21,4.10%,0.70%,505,95.90%,-0.70%,-1,-0.20%,0,0,0.00%,0,0,0.00%
2023 Q3,43,526,813,"$1,458 ",$1.78 ,0.40%,1451.00,$1.78 ,0.30%,0.50%,20,3.80%,0.60%,506,96.20%,-0.60%,-1,-0.20%,0,0,0.00%,0,0,0.00%
2023 Q2,43,526,813,"$1,477 ",$1.81 ,2.90%,1470.00,$1.80 ,2.80%,0.50%,20,3.70%,0.70%,506,96.30%,-0.70%,-1,-0.20%,0,0,0.00%,0,0,0.00%
2023 Q1,43,526,813,"$1,441 ",$1.76 ,1.50%,1435.00,$1.75 ,1.40%,0.50%,19,3.60%,0.60%,507,96.40%,-0.60%,-1,-0.20%,0,0,0.00%,0,0,0.00%
2022 Q4,43,526,813,"$1,438 ",$1.76 ,1.40%,1432.00,$1.75 ,1.30%,0.50%,18,3.40%,0.80%,508,96.60%,-0.80%,-1,-0.20%,0,0,0.00%,0,0,0.00%
2022 Q3,43,526,813,"$1,453 ",$1.78 ,1.60%,1447.00,$1.77 ,1.50%,0.40%,17,3.20%,0.70%,509,96.80%,-0.70%,-1,-0.20%,0,0,0.00%,0,0,0.00%
2022 Q2,43,526,813,"$1,436 ",$1.76 ,1.50%,1430.00,$1.75 ,1.40%,0.40%,16,3.10%,0.60%,510,96.90%,-0.60%,0,0.00%,0,0,0.00%,0,0,0.00%
2022 Q1,43,526,813,"$1,421 ",$1.74 ,2.40%,1414.00,$1.73 ,2.40%,0.40%,16,3.00%,0.40%,510,97.00%,-0.40%,-2,-0.40%,0,0,0.00%,0,0,0.00%
2021 Q4,43,526,813,"$1,419 ",$1.74 ,3.60%,1413.00,$1.73 ,3.60%,0.40%,13,2.50%,-0.40%,513,97.50%,0.40%,0,0.00%,0,0,0.00%,0,0,0.00%
2021 Q3,43,526,813,"$1,430 ",$1.75 ,3.90%,1425.00,$1.74 ,4.00%,0.40%,13,2.50%,-0.70%,513,97.50%,0.70%,0,0.00%,0,0,0.00%,0,0,0.00%
2021 Q2,43,526,813,"$1,415 ",$1.73 ,3.80%,1409.00,$1.72 ,3.90%,0.40%,13,2.50%,-0.80%,513,97.50%,0.80%,1,0.20%,0,0,0.00%,0,0,0.00%
2021 Q1,43,526,813,"$1,387 ",$1.69 ,3.40%,1381.00,$1.69 ,3.50%,0.40%,14,2.60%,-0.70%,512,97.40%,0.70%,2,0.40%,0,0,0.00%,0,0,0.00%
2020 Q4,43,526,813,"$1,369 ",$1.67 ,5.40%,1364.00,$1.67 ,5.50%,0.30%,16,3.00%,-0.30%,510,97.00%,0.30%,1,0.20%,0,0,0.00%,0,0,0.00%
2020 Q3,43,526,813,"$1,376 ",$1.68 ,4.10%,1370.00,$1.67 ,4.10%,0.50%,17,3.20%,0.00%,509,96.80%,0.00%,0,0.00%,0,0,0.00%,0,0,0.00%
2020 Q2,43,526,813,"$1,363 ",$1.66 ,3.90%,1357.00,$1.66 ,3.90%,0.50%,17,3.20%,0.20%,509,96.80%,-0.20%,0,0.00%,0,0,0.00%,0,0,0.00%
2020 Q1,43,526,813,"$1,341 ",$1.64 ,3.10%,1335.00,$1.63 ,3.00%,0.50%,17,3.30%,0.30%,509,96.70%,-0.30%,0,0.00%,0,0,0.00%,0,0,0.00%
2019 Q4,43,526,813,"$1,298 ",$1.58 ,0.50%,1293.00,$1.57 ,0.50%,0.40%,17,3.30%,0.40%,509,96.70%,-0.40%,-1,-0.20%,0,0,0.00%,0,0,0.00%
2019 Q3,43,526,813,"$1,322 ",$1.61 ,2.00%,1316.00,$1.60 ,1.90%,0.50%,17,3.20%,0.30%,509,96.80%,-0.30%,-1,-0.20%,0,0,0.00%,0,0,0.00%
2019 Q2,43,526,813,"$1,312 ",$1.60 ,0.90%,1306.00,$1.59 ,0.90%,0.50%,16,3.10%,0.30%,510,96.90%,-0.30%,-1,-0.20%,0,0,0.00%,0,0,0.00%
2019 Q1,43,526,813,"$1,301 ",$1.58 ,0.10%,1296.00,$1.58 ,0.50%,0.50%,16,3.00%,0.20%,510,97.00%,-0.20%,0,0.00%,0,0,0.00%,0,0,0.00%
2018 Q4,43,526,813,"$1,292 ",$1.57 ,-0.10%,1286.00,$1.57 ,0.30%,0.50%,15,2.90%,0.20%,511,97.10%,-0.20%,0,0.00%,0,0,0.00%,0,0,0.00%
2018 Q3,43,526,813,"$1,296 ",$1.58 ,0.80%,1290.00,$1.57 ,0.80%,0.50%,15,2.90%,0.30%,511,97.10%,-0.30%,0,0.00%,0,0,0.00%,0,0,0.00%
2018 Q2,43,526,813,"$1,300 ",$1.58 ,2.30%,1294.00,$1.58 ,2.30%,0.40%,15,2.80%,0.20%,511,97.20%,-0.20%,0,0.00%,0,0,0.00%,0,0,0.00%
2018 Q1,43,526,813,"$1,300 ",$1.59 ,3.70%,1289.00,$1.57 ,3.30%,0.90%,14,2.70%,0.00%,512,97.30%,0.00%,0,0.00%,0,0,0.00%,0,0,0.00%
2017 Q4,43,526,813,"$1,293 ",$1.58 ,3.40%,1282.00,$1.56 ,3.00%,0.80%,14,2.70%,-0.10%,512,97.30%,0.10%,0,0.00%,0,0,0.00%,0,0,0.00%
2017 Q3,43,526,813,"$1,286 ",$1.57 ,3.80%,1280.00,$1.56 ,3.80%,0.40%,14,2.60%,-0.30%,512,97.40%,0.30%,0,0.00%,0,0,0.00%,0,0,0.00%
2017 Q2,43,526,813,"$1,271 ",$1.55 ,4.00%,1265.00,$1.54 ,4.10%,0.40%,14,2.60%,-0.40%,512,97.40%,0.40%,1,0.20%,0,0,0.00%,0,0,0.00%
2017 Q1,43,526,813,"$1,254 ",$1.53 ,2.70%,1248.00,$1.52 ,2.70%,0.40%,14,2.70%,-0.50%,512,97.30%,0.50%,0,0.00%,0,0,0.00%,0,0,0.00%
2016 Q4,43,526,813,"$1,250 ",$1.52 ,3.60%,1245.00,$1.52 ,3.70%,0.40%,15,2.80%,-1.00%,511,97.20%,1.00%,0,0.00%,0,0,0.00%,0,0,0.00%
2016 Q3,43,526,813,"$1,239 ",$1.51 ,3.20%,1234.00,$1.50 ,3.30%,0.50%,15,2.90%,-1.30%,511,97.10%,1.30%,1,0.20%,0,0,0.00%,0,0,0.00%
2016 Q2,43,526,813,"$1,221 ",$1.49 ,3.80%,1216.00,$1.48 ,3.90%,0.50%,16,3.00%,-1.50%,510,97.00%,1.50%,1,0.20%,0,0,0.00%,0,0,0.00%
2016 Q1,43,526,813,"$1,221 ",$1.49 ,4.30%,1215.00,$1.48 ,4.30%,0.50%,17,3.20%,-1.30%,509,96.80%,1.30%,3,0.60%,0,0,0.00%,0,0,0.00%
2015 Q4,43,526,813,"$1,207 ",$1.47 ,3.30%,1201.00,$1.46 ,3.40%,0.50%,20,3.80%,-2.50%,506,96.20%,2.50%,2,0.40%,0,0,0.00%,0,0,0.00%
2015 Q3,43,526,813,"$1,201 ",$1.46 ,3.10%,1194.00,$1.45 ,3.20%,0.50%,22,4.20%,-2.10%,504,95.80%,2.10%,1,0.20%,0,0,0.00%,0,0,0.00%
2015 Q2,43,526,813,"$1,177 ",$1.43 ,2.00%,1170.00,$1.42 ,2.00%,0.60%,23,4.40%,-1.40%,503,95.60%,1.40%,0,0.00%,0,0,0.00%,0,0,0.00%
2015 Q1,43,526,813,"$1,171 ",$1.42 ,1.80%,1164.00,$1.41 ,1.80%,0.60%,24,4.50%,-0.80%,502,95.50%,0.80%,9,1.70%,0,0,0.00%,0,0,0.00%
2014 Q4,43,526,813,"$1,168 ",$1.42 ,1.90%,1161.00,$1.41 ,1.90%,0.60%,33,6.30%,0.90%,493,93.70%,-0.90%,0,0.00%,0,0,0.00%,0,0,0.00%
2014 Q3,43,526,813,"$1,165 ",$1.42 ,2.00%,1158.00,$1.41 ,2.10%,0.60%,33,6.30%,0.90%,493,93.70%,-0.90%,-3,-0.60%,0,0,0.00%,0,0,0.00%
2014 Q2,43,526,813,"$1,154 ",$1.40 ,1.80%,1147.00,$1.39 ,1.90%,0.60%,31,5.80%,-0.20%,495,94.20%,0.20%,-3,-0.60%,0,0,0.00%,0,0,0.00%
2014 Q1,43,526,813,"$1,151 ",$1.40 ,1.80%,1144.00,$1.39 ,1.90%,0.60%,28,5.30%,-1.60%,498,94.70%,1.60%,0,0.00%,0,0,0.00%,0,0,0.00%
2013 Q4,43,526,813,"$1,146 ",$1.39 ,2.00%,1139.00,$1.38 ,2.10%,0.60%,28,5.30%,-1.40%,498,94.70%,1.40%,0,0.00%,0,0,0.00%,0,0,0.00%
2013 Q3,43,526,813,"$1,142 ",$1.39 ,1.90%,1135.00,$1.38 ,2.00%,0.60%,28,5.40%,-1.10%,498,94.60%,1.10%,3,0.60%,0,0,0.00%,0,0,0.00%
2013 Q2,43,526,813,"$1,133 ",$1.38 ,1.50%,1126.00,$1.37 ,1.50%,0.60%,32,6.00%,-0.60%,494,94.00%,0.60%,5,1.00%,0,0,0.00%,0,0,0.00%
2013 Q1,43,526,813,"$1,131 ",$1.37 ,1.60%,1122.00,$1.36 ,1.50%,0.70%,36,6.90%,0.40%,490,93.10%,-0.40%,-1,-0.20%,0,0,0.00%,0,0,0.00%
2012 Q4,43,526,813,"$1,124 ",$1.36 ,1.20%,1116.00,$1.36 ,1.20%,0.70%,35,6.70%,0.30%,491,93.30%,-0.30%,-1,-0.20%,0,0,0.00%,0,0,0.00%
2012 Q3,43,526,813,"$1,120 ",$1.36 ,1.10%,1112.00,$1.35 ,1.00%,0.70%,34,6.50%,0.10%,492,93.50%,-0.10%,1,0.20%,0,0,0.00%,0,0,0.00%
2012 Q2,43,526,813,"$1,116 ",$1.36 ,0.90%,1109.00,$1.35 ,0.80%,0.70%,35,6.60%,0.30%,491,93.40%,-0.30%,-1,-0.20%,0,0,0.00%,0,0,0.00%
2012 Q1,43,526,813,"$1,113 ",$1.35 ,0.70%,1106.00,$1.34 ,0.70%,0.70%,34,6.50%,0.10%,492,93.50%,-0.10%,-1,-0.20%,0,0,0.00%,0,0,0.00%
2011 Q4,43,526,813,"$1,111 ",$1.35 ,0.80%,1103.00,$1.34 ,0.80%,0.70%,34,6.40%,-0.20%,492,93.60%,0.20%,0,0.00%,0,0,0.00%,0,0,0.00%
2011 Q3,43,526,813,"$1,108 ",$1.35 ,0.70%,1101.00,$1.34 ,0.80%,0.70%,33,6.30%,-0.60%,493,93.70%,0.60%,2,0.40%,0,0,0.00%,1,2,0.40%
2011 Q2,42,524,814,"$1,107 ",$1.34 ,1.20%,1100.00,$1.34 ,1.30%,0.60%,33,6.30%,-0.80%,491,93.70%,0.80%,0,0.00%,1,2,0.40%,0,0,0.00%
2011 Q1,42,524,814,"$1,105 ",$1.34 ,1.40%,1098.00,$1.33 ,1.50%,0.70%,34,6.40%,-1.00%,490,93.60%,1.00%,1,0.20%,1,2,0.40%,0,0,0.00%
2010 Q4,42,524,814,"$1,102 ",$1.34 ,0.10%,1095.00,$1.33 ,0.20%,0.70%,35,6.60%,-1.00%,489,93.40%,1.00%,1,0.20%,1,2,0.40%,0,0,0.00%
2010 Q3,42,524,814,"$1,100 ",$1.34 ,-1.80%,1093.00,$1.33 ,-1.70%,0.70%,36,6.90%,-0.70%,488,93.10%,0.70%,1,0.20%,1,2,0.40%,0,0,0.00%
2010 Q2,42,524,814,"$1,094 ",$1.33 ,-3.50%,1086.00,$1.32 ,-3.50%,0.70%,37,7.20%,-0.20%,487,92.80%,0.20%,2,0.40%,1,2,0.40%,0,0,0.00%
2010 Q1,42,524,814,"$1,090 ",$1.32 ,-4.70%,1082.00,$1.31 ,-4.80%,0.70%,39,7.40%,0.50%,485,92.60%,-0.50%,1,0.20%,0,0,0.00%,0,0,0.00%
2009 Q4,42,524,814,"$1,101 ",$1.34 ,-4.60%,1093.00,$1.33 ,-4.70%,0.70%,40,7.60%,1.10%,484,92.40%,-1.10%,0,0.00%,0,0,0.00%,0,0,0.00%
2009 Q3,42,524,814,"$1,120 ",$1.36 ,-3.50%,1112.00,$1.35 ,-3.60%,0.70%,40,7.60%,1.40%,484,92.40%,-1.40%,-1,-0.20%,0,0,0.00%,0,0,0.00%
2009 Q2,42,524,814,"$1,133 ",$1.38 ,-2.00%,1125.00,$1.37 ,-2.10%,0.70%,39,7.40%,1.40%,485,92.60%,-1.40%,-2,-0.40%,0,0,0.00%,0,0,0.00%
2009 Q1,42,524,814,"$1,144 ",$1.39 ,-0.50%,1136.00,$1.38 ,-0.60%,0.70%,36,7.00%,1.20%,488,93.00%,-1.20%,-2,-0.40%,0,0,0.00%,0,0,0.00%
2008 Q4,42,524,814,"$1,155 ",$1.40 ,0.70%,1147.00,$1.39 ,0.60%,0.70%,34,6.50%,0.80%,490,93.50%,-0.80%,-2,-0.40%,0,0,0.00%,0,0,0.00%
2008 Q3,42,524,814,"$1,161 ",$1.41 ,1.40%,1153.00,$1.40 ,1.40%,0.60%,32,6.20%,0.40%,492,93.80%,-0.40%,-1,-0.20%,0,0,0.00%,0,0,0.00%
2008 Q2,42,524,814,"$1,156 ",$1.41 ,2.10%,1149.00,$1.40 ,2.10%,0.60%,31,6.00%,0.20%,493,94.00%,-0.20%,-1,-0.20%,0,0,0.00%,0,0,0.00%
2008 Q1,42,524,814,"$1,149 ",$1.40 ,3.00%,1143.00,$1.39 ,3.00%,0.60%,30,5.80%,0.00%,494,94.20%,0.00%,0,0.00%,0,0,0.00%,0,0,0.00%
2007 Q4,42,524,814,"$1,147 ",$1.39 ,4.70%,1140.00,$1.39 ,4.80%,0.60%,30,5.80%,-0.10%,494,94.20%,0.10%,0,0.00%,0,0,0.00%,0,0,0.00%
2007 Q3,42,524,814,"$1,145 ",$1.39 ,6.10%,1137.00,$1.38 ,6.10%,0.60%,30,5.80%,-0.10%,494,94.20%,0.10%,0,0.00%,0,0,0.00%,0,0,0.00%
2007 Q2,42,524,814,"$1,133 ",$1.38 ,6.30%,1125.00,$1.37 ,6.20%,0.60%,30,5.80%,0.00%,494,94.20%,0.00%,0,0.00%,0,0,0.00%,0,0,0.00%
2007 Q1,42,524,814,"$1,116 ",$1.36 ,6.40%,1109.00,$1.35 ,6.40%,0.60%,30,5.80%,-0.10%,494,94.20%,0.10%,0,0.00%,0,0,0.00%,0,0,0.00%
2006 Q4,42,524,814,"$1,095 ",$1.33 ,5.30%,1088.00,$1.32 ,5.20%,0.60%,31,5.80%,-0.20%,493,94.20%,0.20%,0,0.00%,0,0,0.00%,0,0,0.00%
2006 Q3,42,524,814,"$1,079 ",$1.31 ,4.00%,1072.00,$1.30 ,3.90%,0.60%,31,5.90%,-0.50%,493,94.10%,0.50%,22,4.20%,0,0,0.00%,1,24,4.60%
2006 Q2,41,500,813,"$1,066 ",$1.29 ,3.40%,1060.00,$1.29 ,3.50%,0.60%,29,5.80%,-0.80%,471,94.20%,0.80%,0,0.00%,1,24,4.80%,0,0,0.00%
2006 Q1,41,500,813,"$1,049 ",$1.27 ,2.40%,1042.00,$1.27 ,2.50%,0.60%,29,5.90%,-1.10%,471,94.10%,1.10%,1,0.20%,1,24,4.80%,0,0,0.00%
2005 Q4,41,500,813,"$1,040 ",$1.26 ,1.90%,1034.00,$1.26 ,2.00%,0.60%,30,6.00%,-1.20%,470,94.00%,1.20%,1,0.20%,1,24,4.80%,0,0,0.00%
2005 Q3,41,500,813,"$1,038 ",$1.26 ,1.50%,1031.00,$1.25 ,1.60%,0.60%,32,6.30%,-1.10%,468,93.70%,1.10%,1,0.20%,1,24,4.80%,0,0,0.00%
2005 Q2,41,500,813,"$1,031 ",$1.25 ,1.00%,1024.00,$1.24 ,1.00%,0.70%,33,6.60%,-0.80%,467,93.40%,0.80%,2,0.40%,0,0,0.00%,0,0,0.00%
2005 Q1,41,500,813,"$1,024 ",$1.24 ,0.20%,1017.00,$1.23 ,0.20%,0.70%,35,6.90%,-0.40%,465,93.10%,0.40%,1,0.20%,0,0,0.00%,0,0,0.00%
2004 Q4,41,500,813,"$1,021 ",$1.24 ,-1.00%,1014.00,$1.23 ,-1.00%,0.70%,36,7.20%,0.20%,464,92.80%,-0.20%,1,0.20%,0,0,0.00%,0,0,0.00%
2004 Q3,41,500,813,"$1,022 ",$1.24 ,-1.20%,1015.00,$1.23 ,-1.20%,0.70%,37,7.40%,0.50%,463,92.60%,-0.50%,0,0.00%,0,0,0.00%,0,0,0.00%
2004 Q2,41,500,813,"$1,021 ",$1.24 ,-1.40%,1014.00,$1.23 ,-1.40%,0.70%,37,7.40%,0.70%,463,92.60%,-0.70%,0,0.00%,0,0,0.00%,0,0,0.00%
2004 Q1,41,500,813,"$1,022 ",$1.24 ,-0.80%,1015.00,$1.23 ,-0.90%,0.70%,37,7.40%,0.60%,463,92.60%,-0.60%,0,0.00%,0,0,0.00%,1,2,0.40%
2003 Q4,40,498,813,"$1,031 ",$1.25 ,0.60%,1024.00,$1.24 ,0.60%,0.70%,35,7.00%,0.20%,463,93.00%,-0.20%,-1,-0.20%,1,2,0.40%,0,0,0.00%
2003 Q3,40,498,813,"$1,035 ",$1.26 ,0.60%,1028.00,$1.25 ,0.70%,0.70%,34,6.90%,0.00%,464,93.10%,0.00%,-1,-0.20%,1,2,0.40%,0,0,0.00%
2003 Q2,40,498,813,"$1,035 ",$1.26 ,1.00%,1028.00,$1.25 ,1.20%,0.70%,33,6.70%,-0.70%,465,93.30%,0.70%,1,0.20%,1,2,0.40%,0,0,0.00%
2003 Q1,40,498,813,"$1,030 ",$1.25 ,1.30%,1024.00,$1.24 ,1.50%,0.70%,34,6.80%,-1.00%,464,93.20%,1.00%,0,0.00%,1,2,0.40%,0,0,0.00%
2002 Q4,40,498,813,"$1,025 ",$1.24 ,1.30%,1017.00,$1.23 ,1.40%,0.70%,34,6.90%,-1.50%,464,93.10%,1.50%,0,0.00%,1,2,0.40%,0,0,0.00%
2002 Q3,40,498,813,"$1,029 ",$1.25 ,2.00%,1021.00,$1.24 ,2.00%,0.70%,34,6.90%,0.60%,464,93.10%,-0.60%,16,3.20%,0,0,0.00%,1,14,2.80%
2002 Q2,39,484,810,"$1,024 ",$1.24 ,3.00%,1016.00,$1.23 ,2.80%,0.80%,36,7.40%,1.60%,448,92.60%,-1.60%,2,0.40%,1,14,2.90%,0,0,0.00%
2002 Q1,39,484,810,"$1,017 ",$1.23 ,3.90%,1008.00,$1.22 ,3.70%,0.80%,38,7.80%,1.60%,446,92.20%,-1.60%,3,0.60%,1,14,2.90%,0,0,0.00%
2001 Q4,39,484,810,"$1,012 ",$1.23 ,4.60%,1003.00,$1.22 ,4.20%,0.90%,41,8.40%,4.60%,443,91.60%,-4.60%,9,1.90%,1,14,2.90%,1,20,4.10%
2001 Q3,38,464,811,"$1,008 ",$1.22 ,5.70%,1001.00,$1.21 ,5.40%,0.70%,29,6.30%,2.50%,435,93.70%,-2.50%,9,1.90%,2,34,7.30%,1,12,2.60%
2001 Q2,37,452,810,$995 ,$1.21 ,6.10%,989.00,$1.20 ,5.90%,0.70%,26,5.80%,1.90%,426,94.20%,-1.90%,2,0.40%,3,46,10.20%,0,0,0.00%
2001 Q1,37,452,810,$979 ,$1.19 ,6.10%,973.00,$1.18 ,6.00%,0.60%,28,6.20%,2.10%,424,93.80%,-2.10%,8,1.80%,3,46,10.20%,1,20,4.40%
2000 Q4,36,432,811,$967 ,$1.17 ,-,963.00,$1.17 ,-,0.50%,16,3.80%,-,416,96.20%,-,0,0.00%,4,66,15.30%,0,0,0.00%
2000 Q3,36,432,811,$954 ,$1.16 ,-,949.00,$1.15 ,-,0.50%,17,3.80%,-,415,96.20%,-,1,0.20%,3,52,12.00%,0,0,0.00%
2000 Q2,36,432,811,$938 ,$1.14 ,-,934.00,$1.13 ,-,0.50%,17,4.00%,-,415,96.00%,-,1,0.20%,2,32,7.40%,0,0,0.00%
2000 Q1,36,432,811,$923 ,$1.12 ,-,918.00,$1.11 ,-,0.50%,18,4.10%,-,414,95.90%,-,0,0.00%,2,32,7.40%,0,0,0.00%
